y <- c(1.56678677443142, -0.572085790434001, 3.51019786015996, 12.7951444063422, 
8.54143327439348, 5.83491931418847, 7.61451428862697, 13.8907007626807, 
7.16155573244125, 9.5953054840357, 7.11772304475663, 13.0993325775211, 
10.8914534390383, 17.557892143321, 12.702125411249, 19.2424832622035, 
19.7308021552137, 19.2938776098669, 18.8406800717968, 25.6671093697297, 
21.3972483390817, 26.4750788261469, 24.8177483809523, 27.8733984803469, 
29.5795895477953, 26.0730837190492, 39.6697115763935, 30.952214876633, 
31.3692040071829, 33.1920007932134, 35.2704533917463, 34.9897375897869, 
31.8499871744628, 31.6978650375868, 35.0285927494033, 32.8494739639833, 
32.3024330637289, 36.8738699378467, 39.0730620556513, 36.279176877805, 
39.8320578567155, 45.101596766001, 46.0389354912131, 40.256775936767, 
44.6642174852336, 45.8165876746927, 50.1115447247274, 54.0506771298488, 
44.3206892752917, 50.2800908539412, 43.8563874360464, 50.990170432643, 
53.4668150420774, 54.4581104392268, 51.5363780204145, 50.0275966061298, 
53.9934062579816, 57.5249200045599, 57.5220759152225, 55.2287920105954, 
56.9505894088561, 61.7177867422431, 63.2345591229824, 58.7237344777191, 
64.9319539422107, 66.0020546945431, 71.1183388003533, 65.0904602209284, 
69.9945412720592, 77.0747892788767, 67.7144331665189, 75.217675886189, 
75.6115444027348, 73.6208101626036, 75.3157777830587, -235.230860752514, 
-228.287826833055, -231.917787255924, -239.154711900112, -241.24585203606, 
-247.346752472165, -246.045038370656, -242.6475346714, -247.291830547171, 
-258.097075169603, -259.971389042092, -257.28092563073, -261.26615460906, 
-264.942957774586, -268.171181874228, -276.666730573081, -278.050980058089, 
-278.425245458061, -280.593353220574, -283.595513003168, -286.066736159435, 
-288.761930237906, -294.591815308914, -296.915085027203, -297.333677294701, 
-305.539588743011, -305.302142793585, -310.188435618751, -314.477625777867, 
-309.211929449694, -318.109629047539, -316.972544530943, -329.433107936368, 
-324.97154484596, -328.759079743474, -340.170393971152, -339.842877564441, 
-344.995301797946, -344.867173354849, -346.227720439493, -346.7361281443, 
-349.085741692639, -353.913759407345, -359.51026717164, -355.389334735392, 
-359.294894145526, -363.477795551076, -371.271682741627, -371.041367610281, 
-377.488404050625, -376.52964669853, -378.906269884432, -382.64433612071, 
-388.852435676556, -387.179880300334, -394.978251819852, -398.270584229335, 
-398.052670415254, -406.641851684425, -404.233163172325, -409.550331802039, 
-410.524125054583, -414.75864954136, -417.659510106665, -414.412075879385, 
-426.631678778388, -423.827638920691, -428.01839405429, -429.945022236363, 
-440.458908480627, -440.402780789778, -443.137853620341, -441.731236631812, 
-446.822775154141, -450.994270846749)